11349
10225
10496
10219
11092
10207
10098
101062551
10704987
108064
108065
480819
100017
484588
485186
480873
480865
4788
479500
480764
44428631
4970
480777
442108
10228
10205
10342859
10336244
44584065
15228661
15559735
159650
159287
159516
159795
14079439
157301
160921
114776
12232
11596309
11666871
11617
11624161
122724
122850
10168
101662587
13963762
14033983
101520
13849
14309762
244
3938139
4055
3884
24721137
3083613
181119
182665
42608054
31253
323
320054
326
275182
442333
32465
6439929
119034
99474
9548705
72521
5317425
14987
12314613
124017
474540
455248
442615
479503
7461
10337211
442985
440735
65576
64982
637775
638024
10151
91466
72503
5318998
5280699
5280863
5320083
5280666
5321288
51029223
5154
5281813
5281792
5281801
5281803
5281255
5280961
5280443
5277586
44257097
44257098
44257096
5281222
503731
442670
442674
442611
442936
442900
442774
5316261
5316836
5318517
5316827
5317756
5317764
2346
16741
23205
185124
16573
16315
16175790
5281612
5281614
5281616
5281666
5281670
5281671
5281672
206037
5281674
5281607
5281703
5281855
5282152
5281392
5281540
5281417
197835
21594206
21470
19310
5481964
5377796
5364509
72724
73204
6450879
6439493
5971
54676038
54678431
5468522
641294
641301
638278
5458800
5459196
69502
65126
65238
5469447
72303
72300
7127
6419993
101297577
12310578
99199
102117144
101798848
101306757
44567213
8815
785
439768
73419
84800
7362
8530
667639
8193
6483648
68346
68827
72323
68071
82143
66841
91471
9959532
92765
93135
9888014
95779
96710
5280695
12302850
54695756
160254
34174831
56673383
42607928
167673
5280373
5281654
25073757
102151885
126566
12308848
12310340
12443122
124211
5282347
2758
21348143
11875005
5317303
1201531
455252
3037884
440936
133562520
439246
124049
5350
12358997
5320486
10657
5321920
72284
73588
6432475
76573
44257494
46886723
3037129
26049
10467
73285
16590
91458
5280681
61060
11463
5274585
73170
73641
445070
7462
12306047
12306048
334704
31553
72277
5281520
638011
6432404
445639
5281125
445858
10494
5281381
1794427
147299
73242193
72
442495
261491
5316673
5281116
444539
439533
73659
637542
94221
64971
2537
11869417
5770
6654
7794
14896
72311
73649
92198
124025
126540
182266
457801
441082
467498
600671
643820
5280441
5280457
5281647
5495849
6325075
10922465
11709595
21679845
189728
442811
3082639
5365022
10331844
10452999
44558951
129650338
12306046
5282102
5280794
9064
2723872
637566
22311
5284507
5280805
70678558
15233562
14218027
392443
3611